0.0490000247955
0.0469999313354
0.0479998588562
0.0499999523163
0.0490000247955
0.047000169754
0.0460000038147
0.0469999313354
0.0439999103546
0.0510001182556
0.050999879837
0.0499999523163
0.0449998378754
0.0439999103546
0.0460000038147
0.0449998378754
0.0499999523163
0.0449998378754
0.0440001487732
0.0430002212524
0.0440001487732
0.0460000038147
0.0490000247955
0.0420000553131
0.0460000038147
0.0450000762939
0.0469999313354
0.0450000762939
0.0499999523163
0.0429999828339
0.0460000038147
0.047000169754
0.0450000762939
0.0520000457764
0.0420000553131
0.0439999103546
0.0420000553131
0.0499999523163
0.0429999828339
0.0450000762939
0.0450000762939
0.0429999828339
0.0429999828339
0.0429999828339
0.0439999103546
0.050999879837
0.0429999828339
0.047000169754
0.0439999103546
0.0590000152588
0.0530002117157
0.0490000247955
0.0520000457764
0.0490000247955
0.0429999828339
0.0499999523163
0.0469999313354
0.0480000972748
0.0469999313354
0.0439999103546
0.0429999828339
0.0460000038147
0.0460000038147
0.0429999828339
0.048999786377
0.0490000247955
0.0499999523163
0.0490000247955
0.0419998168945
0.0440001487732
0.0439999103546
0.0460000038147
0.0450000762939
0.0479998588562
0.0480000972748
0.0429999828339
0.0440001487732
0.0439999103546
0.0450000762939
0.0439999103546
0.0440001487732
0.0469999313354
0.0439999103546
0.0469999313354
0.0429999828339
0.0439999103546
0.0460000038147
0.0429999828339
0.0490000247955
0.0550000667572
0.0499999523163
0.0520000457764
0.0440001487732
0.0459997653961
0.0440001487732
0.0450000762939
0.0449998378754
0.0460000038147
0.0529999732971
0.0429999828339
0.0429999828339
0.0460000038147
0.0450000762939
0.0439999103546
0.0460000038147
0.0510001182556
0.0490000247955
0.0480000972748
0.0469999313354
0.0490000247955
0.050999879837
0.0440001487732
0.0449998378754
0.0480000972748
0.0539999008179
0.0469999313354
0.047000169754
0.0460000038147
0.0439999103546
0.0439999103546
0.0460000038147
0.0460000038147
0.0539999008179
0.0460000038147
0.0720000267029
0.0450000762939
0.0539999008179
0.055999994278
0.0500001907349
0.0450000762939
0.0610001087189
0.0450000762939
0.0460000038147
0.0429999828339
0.0450000762939
0.0440001487732
0.0449998378754
0.0480000972748
0.0460000038147
0.0439999103546
0.0429999828339
0.0429999828339
0.0440001487732
0.0490000247955
0.0429999828339
0.0510001182556
0.0439999103546
0.055999994278
0.0479998588562
0.0550000667572
0.0439999103546
0.0440001487732
0.0460000038147
0.0429999828339
0.0429999828339
0.0460000038147
0.0429999828339
0.0440001487732
0.0449998378754
0.0460000038147
0.0440001487732
0.0460000038147
0.0429999828339
0.0440001487732
0.0420000553131
0.0449998378754
0.0440001487732
0.0450000762939
0.0439999103546
0.0439999103546
0.0460000038147
0.0450000762939
0.0429999828339
0.0420000553131
0.0460000038147
0.0460000038147
0.0429999828339
0.0490000247955
0.0520000457764
0.0449998378754
0.0450000762939
0.0429999828339
0.0429999828339
0.0510001182556
0.0460000038147
0.0419998168945
0.0460000038147
0.0429999828339
0.050999879837
0.0460000038147
0.0429999828339
0.0499999523163
0.0450000762939
0.0439999103546
0.0460000038147
0.0440001487732
0.0519998073578
0.0490000247955
0.0450000762939
0.0490000247955
0.0460000038147
0.0440001487732
0.0469999313354
0.0460000038147
0.0519998073578
0.0439999103546
0.0449998378754
0.0469999313354
0.0460000038147
0.0480000972748
0.0429999828339
0.0469999313354
0.0500001907349
0.0499999523163
0.055999994278
0.0539999008179
0.0499999523163
0.0440001487732
0.0460000038147
0.0429999828339
0.0460000038147
0.0429999828339
0.0440001487732
0.0439999103546
0.0499999523163
0.0460000038147
0.050999879837
0.0440001487732
0.0430002212524
0.0460000038147
0.0439999103546
0.0440001487732
0.0420000553131
0.0430002212524
0.0439999103546
0.0450000762939
0.0440001487732
0.0460000038147
0.050999879837
0.0450000762939
0.0439999103546
0.0490000247955
0.0450000762939
0.0469999313354
0.0429999828339
0.0499999523163
0.047000169754
0.0510001182556
0.0450000762939
0.0550000667572
0.047000169754
0.0490000247955
0.0469999313354
0.0609998703003
0.0490000247955
0.0439999103546
0.0449998378754
0.0490000247955
0.0500001907349
0.047000169754
0.0449998378754
0.0460000038147
0.0450000762939
0.0480000972748
0.0450000762939
0.0499999523163
0.0450000762939
0.0440001487732
0.0449998378754
0.0450000762939
0.050999879837
0.0490000247955
0.0469999313354
0.0490000247955
0.0450000762939
0.0420000553131
0.0439999103546
0.0439999103546
0.0429999828339
0.0460000038147
0.0439999103546
0.050999879837
0.0480000972748
0.0460000038147
0.050999879837
0.0439999103546
0.0460000038147
0.0420000553131
0.0429999828339
0.0449998378754
0.0439999103546
0.0429999828339
0.0450000762939
0.0490000247955
0.0479998588562
0.0499999523163
0.0469999313354
0.0449998378754
0.0429999828339
0.0440001487732
