49.0000247955
46.9999313354
47.9998588562
49.9999523163
49.0000247955
47.000169754000005
46.0000038147
46.9999313354
43.9999103546
51.00011825559999
50.999879837
49.9999523163
44.999837875400004
43.9999103546
46.0000038147
44.999837875400004
49.9999523163
44.999837875400004
44.0001487732
43.0002212524
44.0001487732
46.0000038147
49.0000247955
42.0000553131
46.0000038147
45.0000762939
46.9999313354
45.0000762939
49.9999523163
42.9999828339
46.0000038147
47.000169754000005
45.0000762939
52.0000457764
42.0000553131
43.9999103546
42.0000553131
49.9999523163
42.9999828339
45.0000762939
45.0000762939
42.9999828339
42.9999828339
42.9999828339
43.9999103546
50.999879837
42.9999828339
47.000169754000005
43.9999103546
59.0000152588
53.0002117157
49.0000247955
52.0000457764
49.0000247955
42.9999828339
49.9999523163
46.9999313354
48.0000972748
46.9999313354
43.9999103546
42.9999828339
46.0000038147
46.0000038147
42.9999828339
48.999786377
49.0000247955
49.9999523163
49.0000247955
41.9998168945
44.0001487732
43.9999103546
46.0000038147
45.0000762939
47.9998588562
48.0000972748
42.9999828339
44.0001487732
43.9999103546
45.0000762939
43.9999103546
44.0001487732
46.9999313354
43.9999103546
46.9999313354
42.9999828339
43.9999103546
46.0000038147
42.9999828339
49.0000247955
55.000066757199995
49.9999523163
52.0000457764
44.0001487732
45.999765396099995
44.0001487732
45.0000762939
44.999837875400004
46.0000038147
52.999973297100006
42.9999828339
42.9999828339
46.0000038147
45.0000762939
43.9999103546
46.0000038147
51.00011825559999
49.0000247955
48.0000972748
46.9999313354
49.0000247955
50.999879837
44.0001487732
44.999837875400004
48.0000972748
53.9999008179
46.9999313354
47.000169754000005
46.0000038147
43.9999103546
43.9999103546
46.0000038147
46.0000038147
53.9999008179
46.0000038147
72.0000267029
45.0000762939
53.9999008179
55.999994278
50.0001907349
45.0000762939
61.0001087189
45.0000762939
46.0000038147
42.9999828339
45.0000762939
44.0001487732
44.999837875400004
48.0000972748
46.0000038147
43.9999103546
42.9999828339
42.9999828339
44.0001487732
49.0000247955
42.9999828339
51.00011825559999
43.9999103546
55.999994278
47.9998588562
55.000066757199995
43.9999103546
44.0001487732
46.0000038147
42.9999828339
42.9999828339
46.0000038147
42.9999828339
44.0001487732
44.999837875400004
46.0000038147
44.0001487732
46.0000038147
42.9999828339
44.0001487732
42.0000553131
44.999837875400004
44.0001487732
45.0000762939
43.9999103546
43.9999103546
46.0000038147
45.0000762939
42.9999828339
42.0000553131
46.0000038147
46.0000038147
42.9999828339
49.0000247955
52.0000457764
44.999837875400004
45.0000762939
42.9999828339
42.9999828339
51.00011825559999
46.0000038147
41.9998168945
46.0000038147
42.9999828339
50.999879837
46.0000038147
42.9999828339
49.9999523163
45.0000762939
43.9999103546
46.0000038147
44.0001487732
51.9998073578
49.0000247955
45.0000762939
49.0000247955
46.0000038147
44.0001487732
46.9999313354
46.0000038147
51.9998073578
43.9999103546
44.999837875400004
46.9999313354
46.0000038147
48.0000972748
42.9999828339
46.9999313354
50.0001907349
49.9999523163
55.999994278
53.9999008179
49.9999523163
44.0001487732
46.0000038147
42.9999828339
46.0000038147
42.9999828339
44.0001487732
43.9999103546
49.9999523163
46.0000038147
50.999879837
44.0001487732
43.0002212524
46.0000038147
43.9999103546
44.0001487732
42.0000553131
43.0002212524
43.9999103546
45.0000762939
44.0001487732
46.0000038147
50.999879837
45.0000762939
43.9999103546
49.0000247955
45.0000762939
46.9999313354
42.9999828339
49.9999523163
47.000169754000005
51.00011825559999
45.0000762939
55.000066757199995
47.000169754000005
49.0000247955
46.9999313354
60.999870300299996
49.0000247955
43.9999103546
44.999837875400004
49.0000247955
50.0001907349
47.000169754000005
44.999837875400004
46.0000038147
45.0000762939
48.0000972748
45.0000762939
49.9999523163
45.0000762939
44.0001487732
44.999837875400004
45.0000762939
50.999879837
49.0000247955
46.9999313354
49.0000247955
45.0000762939
42.0000553131
43.9999103546
43.9999103546
42.9999828339
46.0000038147
43.9999103546
50.999879837
48.0000972748
46.0000038147
50.999879837
43.9999103546
46.0000038147
42.0000553131
42.9999828339
44.999837875400004
43.9999103546
42.9999828339
45.0000762939
49.0000247955
47.9998588562
49.9999523163
46.9999313354
44.999837875400004
42.9999828339
44.0001487732
