0.0629999637604
0.0529999732971
0.0469999313354
0.0480000972748
0.0569999217987
0.0469999313354
0.0520000457764
0.0460000038147
0.0519998073578
0.047000169754
0.050999879837
0.0490000247955
0.0590000152588
0.0460000038147
0.0469999313354
0.0510001182556
0.050999879837
0.0480000972748
0.0529999732971
0.0460000038147
0.047000169754
0.0529999732971
0.0469999313354
0.0490000247955
0.0499999523163
0.0490000247955
0.0520000457764
0.0539999008179
0.0550000667572
0.0490000247955
0.058000087738
0.0479998588562
0.0569999217987
0.0480000972748
0.0469999313354
0.0490000247955
0.0490000247955
0.0550000667572
0.0500001907349
0.0460000038147
0.0529999732971
0.0490000247955
0.0530002117157
0.0530002117157
0.047000169754
0.0460000038147
0.055999994278
0.0539999008179
0.0480000972748
0.0529999732971
0.0569999217987
0.0490000247955
0.0569999217987
0.0460000038147
0.0490000247955
0.0499999523163
0.0490000247955
0.0550000667572
0.048999786377
0.0540001392365
0.0620000362396
0.0569999217987
0.0529999732971
0.0469999313354
0.0550000667572
0.0460000038147
0.0479998588562
0.0490000247955
0.0520000457764
0.0460000038147
0.0529999732971
0.0460000038147
0.0549998283386
0.0540001392365
0.0469999313354
0.0479998588562
0.0460000038147
0.0529999732971
0.0529999732971
0.0460000038147
0.0469999313354
0.0450000762939
0.0519998073578
0.0529999732971
0.048999786377
0.047000169754
0.0460000038147
0.0460000038147
0.0570001602173
0.0469999313354
0.0460000038147
0.0549998283386
0.0529999732971
0.055999994278
0.0540001392365
0.0469999313354
0.0520000457764
0.0469999313354
0.0469999313354
0.0510001182556
0.0469999313354
0.0529999732971
0.0469999313354
0.0460000038147
0.0549998283386
0.0460000038147
0.0460000038147
0.0469999313354
0.0540001392365
0.0469999313354
0.0539999008179
0.058000087738
0.0460000038147
0.0469999313354
0.0529999732971
0.0460000038147
0.0460000038147
0.0469999313354
0.0529999732971
0.0460000038147
0.0520000457764
0.0460000038147
0.047000169754
0.048999786377
0.047000169754
0.0659999847412
0.0500001907349
0.0539999008179
0.0469999313354
0.047000169754
0.0569999217987
0.0540001392365
0.0479998588562
0.0529999732971
0.0490000247955
0.047000169754
0.0519998073578
0.0590000152588
0.0520000457764
0.050999879837
0.0499999523163
0.0550000667572
0.0469999313354
0.0460000038147
0.0550000667572
0.0490000247955
0.0460000038147
0.0460000038147
0.0549998283386
0.0469999313354
0.0499999523163
0.0529999732971
0.0499999523163
0.0550000667572
0.0540001392365
0.0520000457764
0.0460000038147
0.0480000972748
0.0450000762939
0.0520000457764
0.0510001182556
0.0469999313354
0.0529999732971
0.0490000247955
0.0520000457764
0.0539999008179
0.0460000038147
0.0499999523163
0.047000169754
0.0510001182556
0.0460000038147
0.0480000972748
0.0469999313354
0.0460000038147
0.0529999732971
0.0659999847412
0.0480000972748
0.0510001182556
0.0550000667572
0.055999994278
0.0510001182556
0.0590000152588
0.0599999427795
0.0460000038147
0.0529999732971
0.0460000038147
0.0460000038147
0.0520000457764
0.066999912262
0.0499999523163
0.0529999732971
0.0539999008179
0.0469999313354
0.048999786377
0.0530002117157
0.047000169754
0.0539999008179
0.0480000972748
0.0570001602173
0.0539999008179
0.0520000457764
0.0469999313354
0.0529999732971
0.0479998588562
0.0480000972748
0.0529999732971
0.0540001392365
0.0460000038147
0.0510001182556
0.0460000038147
0.0490000247955
0.0549998283386
0.0480000972748
0.050999879837
0.0460000038147
0.0460000038147
0.0529999732971
0.0499999523163
0.0460000038147
0.0549998283386
0.0520000457764
0.0499999523163
0.0520000457764
0.0499999523163
0.0550000667572
0.0469999313354
0.0510001182556
0.0479998588562
0.0520000457764
0.0550000667572
0.0480000972748
0.050999879837
0.0529999732971
0.0520000457764
0.0480000972748
0.050999879837
0.058000087738
0.0490000247955
0.0510001182556
0.0460000038147
0.0460000038147
0.0519998073578
0.0539999008179
0.050999879837
0.0539999008179
0.0479998588562
0.0520000457764
0.0519998073578
0.0529999732971
0.050999879837
0.0590000152588
0.0569999217987
0.0499999523163
0.0500001907349
0.0490000247955
0.0490000247955
0.0550000667572
0.0469999313354
0.0530002117157
0.0480000972748
0.0499999523163
0.0460000038147
0.0539999008179
0.0530002117157
0.050999879837
0.0499999523163
0.0460000038147
0.0460000038147
0.0529999732971
0.0529999732971
0.0479998588562
0.0469999313354
0.0550000667572
0.0460000038147
0.0460000038147
0.0529999732971
0.0520000457764
0.0549998283386
0.0490000247955
0.0510001182556
0.0499999523163
0.0529999732971
0.0469999313354
0.0469999313354
0.0590000152588
0.0539999008179
0.0460000038147
0.0540001392365
0.0460000038147
0.0460000038147
0.047000169754
0.0460000038147
0.0460000038147
0.0460000038147
0.0480000972748
0.055999994278
0.0460000038147
0.047000169754
0.0550000667572
0.0460000038147
