62.9999637604
52.999973297100006
46.9999313354
48.0000972748
56.999921798699994
46.9999313354
52.0000457764
46.0000038147
51.9998073578
47.000169754000005
50.999879837
49.0000247955
59.0000152588
46.0000038147
46.9999313354
51.00011825559999
50.999879837
48.0000972748
52.999973297100006
46.0000038147
47.000169754000005
52.999973297100006
46.9999313354
49.0000247955
49.9999523163
49.0000247955
52.0000457764
53.9999008179
55.000066757199995
49.0000247955
58.000087738
47.9998588562
56.999921798699994
48.0000972748
46.9999313354
49.0000247955
49.0000247955
55.000066757199995
50.0001907349
46.0000038147
52.999973297100006
49.0000247955
53.0002117157
53.0002117157
47.000169754000005
46.0000038147
55.999994278
53.9999008179
48.0000972748
52.999973297100006
56.999921798699994
49.0000247955
56.999921798699994
46.0000038147
49.0000247955
49.9999523163
49.0000247955
55.000066757199995
48.999786377
54.000139236500004
62.0000362396
56.999921798699994
52.999973297100006
46.9999313354
55.000066757199995
46.0000038147
47.9998588562
49.0000247955
52.0000457764
46.0000038147
52.999973297100006
46.0000038147
54.999828338600004
54.000139236500004
46.9999313354
47.9998588562
46.0000038147
52.999973297100006
52.999973297100006
46.0000038147
46.9999313354
45.0000762939
51.9998073578
52.999973297100006
48.999786377
47.000169754000005
46.0000038147
46.0000038147
57.0001602173
46.9999313354
46.0000038147
54.999828338600004
52.999973297100006
55.999994278
54.000139236500004
46.9999313354
52.0000457764
46.9999313354
46.9999313354
51.00011825559999
46.9999313354
52.999973297100006
46.9999313354
46.0000038147
54.999828338600004
46.0000038147
46.0000038147
46.9999313354
54.000139236500004
46.9999313354
53.9999008179
58.000087738
46.0000038147
46.9999313354
52.999973297100006
46.0000038147
46.0000038147
46.9999313354
52.999973297100006
46.0000038147
52.0000457764
46.0000038147
47.000169754000005
48.999786377
47.000169754000005
65.9999847412
50.0001907349
53.9999008179
46.9999313354
47.000169754000005
56.999921798699994
54.000139236500004
47.9998588562
52.999973297100006
49.0000247955
47.000169754000005
51.9998073578
59.0000152588
52.0000457764
50.999879837
49.9999523163
55.000066757199995
46.9999313354
46.0000038147
55.000066757199995
49.0000247955
46.0000038147
46.0000038147
54.999828338600004
46.9999313354
49.9999523163
52.999973297100006
49.9999523163
55.000066757199995
54.000139236500004
52.0000457764
46.0000038147
48.0000972748
45.0000762939
52.0000457764
51.00011825559999
46.9999313354
52.999973297100006
49.0000247955
52.0000457764
53.9999008179
46.0000038147
49.9999523163
47.000169754000005
51.00011825559999
46.0000038147
48.0000972748
46.9999313354
46.0000038147
52.999973297100006
65.9999847412
48.0000972748
51.00011825559999
55.000066757199995
55.999994278
51.00011825559999
59.0000152588
59.9999427795
46.0000038147
52.999973297100006
46.0000038147
46.0000038147
52.0000457764
66.999912262
49.9999523163
52.999973297100006
53.9999008179
46.9999313354
48.999786377
53.0002117157
47.000169754000005
53.9999008179
48.0000972748
57.0001602173
53.9999008179
52.0000457764
46.9999313354
52.999973297100006
47.9998588562
48.0000972748
52.999973297100006
54.000139236500004
46.0000038147
51.00011825559999
46.0000038147
49.0000247955
54.999828338600004
48.0000972748
50.999879837
46.0000038147
46.0000038147
52.999973297100006
49.9999523163
46.0000038147
54.999828338600004
52.0000457764
49.9999523163
52.0000457764
49.9999523163
55.000066757199995
46.9999313354
51.00011825559999
47.9998588562
52.0000457764
55.000066757199995
48.0000972748
50.999879837
52.999973297100006
52.0000457764
48.0000972748
50.999879837
58.000087738
49.0000247955
51.00011825559999
46.0000038147
46.0000038147
51.9998073578
53.9999008179
50.999879837
53.9999008179
47.9998588562
52.0000457764
51.9998073578
52.999973297100006
50.999879837
59.0000152588
56.999921798699994
49.9999523163
50.0001907349
49.0000247955
49.0000247955
55.000066757199995
46.9999313354
53.0002117157
48.0000972748
49.9999523163
46.0000038147
53.9999008179
53.0002117157
50.999879837
49.9999523163
46.0000038147
46.0000038147
52.999973297100006
52.999973297100006
47.9998588562
46.9999313354
55.000066757199995
46.0000038147
46.0000038147
52.999973297100006
52.0000457764
54.999828338600004
49.0000247955
51.00011825559999
49.9999523163
52.999973297100006
46.9999313354
46.9999313354
59.0000152588
53.9999008179
46.0000038147
54.000139236500004
46.0000038147
46.0000038147
47.000169754000005
46.0000038147
46.0000038147
46.0000038147
48.0000972748
55.999994278
46.0000038147
47.000169754000005
55.000066757199995
46.0000038147
