130.000114441
49.9999523163
46.9999313354
58.000087738
57.0001602173
46.0000038147
47.9998588562
61.0001087189
48.0000972748
45.0000762939
52.999973297100006
44.999837875400004
44.999837875400004
48.0000972748
52.0000457764
49.0000247955
49.9999523163
49.0000247955
55.999994278
52.0000457764
49.9999523163
55.999994278
53.9999008179
53.9999008179
49.9999523163
57.9998493195
53.0002117157
56.999921798699994
54.999828338600004
52.0000457764
46.0000038147
46.0000038147
57.9998493195
51.9998073578
46.0000038147
48.0000972748
52.999973297100006
44.999837875400004
46.0000038147
49.0000247955
55.000066757199995
52.999973297100006
52.999973297100006
47.9998588562
55.999994278
48.0000972748
52.0000457764
46.0000038147
50.0001907349
44.999837875400004
55.999994278
55.000066757199995
54.999828338600004
51.00011825559999
48.0000972748
46.0000038147
53.0002117157
50.999879837
53.9999008179
49.9999523163
48.0000972748
52.999973297100006
46.0000038147
55.000066757199995
50.0001907349
46.0000038147
65.0000572205
55.999994278
52.0000457764
54.999828338600004
46.0000038147
55.000066757199995
49.0000247955
46.0000038147
54.000139236500004
48.0000972748
57.9998493195
52.999973297100006
59.9999427795
52.0000457764
54.999828338600004
57.0001602173
53.0002117157
46.0000038147
47.000169754000005
46.0000038147
50.999879837
46.0000038147
49.0000247955
50.999879837
46.9999313354
46.0000038147
46.0000038147
52.999973297100006
47.9998588562
51.00011825559999
52.999973297100006
53.9999008179
57.0001602173
47.000169754000005
47.9998588562
65.0000572205
49.9999523163
46.0000038147
45.0000762939
50.999879837
51.00011825559999
44.999837875400004
54.000139236500004
46.9999313354
46.0000038147
50.999879837
58.000087738
49.0000247955
59.9999427795
55.999994278
44.999837875400004
55.999994278
53.9999008179
46.0000038147
56.999921798699994
48.0000972748
50.0001907349
46.0000038147
57.9998493195
49.9999523163
52.999973297100006
46.0000038147
48.0000972748
46.0000038147
45.0000762939
52.999973297100006
45.0000762939
46.9999313354
47.000169754000005
54.999828338600004
55.000066757199995
52.999973297100006
55.999994278
48.0000972748
50.999879837
59.0000152588
48.0000972748
46.0000038147
53.0002117157
48.0000972748
52.999973297100006
46.0000038147
46.0000038147
45.999765396099995
57.0001602173
46.0000038147
52.999973297100006
52.0000457764
50.999879837
46.0000038147
47.000169754000005
46.0000038147
50.999879837
52.0000457764
46.9999313354
54.999828338600004
54.000139236500004
47.9998588562
46.9999313354
58.000087738
46.0000038147
52.999973297100006
47.9998588562
46.0000038147
44.999837875400004
54.000139236500004
46.0000038147
52.0000457764
48.0000972748
54.999828338600004
55.000066757199995
47.000169754000005
44.999837875400004
65.9999847412
53.9999008179
49.0000247955
55.999994278
55.000066757199995
47.000169754000005
51.9998073578
86.0002040863
52.999973297100006
46.0000038147
45.0000762939
51.00011825559999
54.999828338600004
45.0000762939
46.0000038147
47.9998588562
55.999994278
48.0000972748
46.0000038147
46.0000038147
46.0000038147
49.9999523163
47.9998588562
46.9999313354
49.9999523163
55.000066757199995
49.0000247955
55.999994278
46.0000038147
52.999973297100006
46.0000038147
50.999879837
46.9999313354
52.999973297100006
48.0000972748
47.000169754000005
52.0000457764
62.0000362396
61.0001087189
52.999973297100006
46.0000038147
52.999973297100006
45.0000762939
49.9999523163
45.0000762939
53.0002117157
63.000202179
46.9999313354
49.9999523163
46.9999313354
48.0000972748
52.999973297100006
46.9999313354
55.000066757199995
47.000169754000005
52.999973297100006
46.0000038147
45.0000762939
52.0000457764
55.999994278
46.0000038147
46.0000038147
51.00011825559999
47.9998588562
52.0000457764
46.0000038147
46.0000038147
53.9999008179
48.0000972748
53.9999008179
46.0000038147
49.0000247955
53.9999008179
46.0000038147
46.0000038147
53.9999008179
45.0000762939
49.9999523163
46.0000038147
52.0000457764
45.0000762939
52.0000457764
54.000139236500004
53.9999008179
52.999973297100006
52.999973297100006
46.0000038147
46.0000038147
47.9998588562
52.0000457764
49.0000247955
53.9999008179
46.0000038147
46.0000038147
45.0000762939
53.9999008179
46.9999313354
48.0000972748
51.9998073578
46.0000038147
52.0000457764
55.000066757199995
53.9999008179
47.9998588562
51.00011825559999
46.9999313354
44.999837875400004
51.00011825559999
46.9999313354
55.000066757199995
47.000169754000005
46.0000038147
52.999973297100006
51.9998073578
68.0000782013
47.000169754000005
54.999828338600004
51.00011825559999
46.0000038147
56.999921798699994
48.0000972748
